00001 1
00002 1
00003 1
00004 3
00005 1
00006 1
00007 1
00008 1
00009 2
00010 1
00011 2
00012 2
00013 3
00014 3
00015 1
00016 1
00017 2
00018 1
00019 1
00020 0
00021 2
00022 2
00023 1
00024 1
00025 0
00026 1
00027 1
00028 1
00029 1
00030 0
00031 1
00032 2
00033 3
00034 1
00035 1
00036 1
00037 2
00038 0
00039 2
00040 1
00041 2
00042 1
00043 1
00044 0
00045 1
00046 2
00047 0
00048 1
00049 1
00050 2
00051 1
00052 2
00053 2
00054 1
00055 1
00056 1
00057 3
00058 1
00059 0
00060 1
00061 1
00062 1
00063 1
00064 0
00065 2
00066 2
00067 1
00068 1
00069 1
00070 1
00071 2
00072 1
00073 1
00074 1
00075 0
00076 0
00077 1
00078 2
00079 2
00080 2
00081 2
00082 0
00083 1
00084 1
00085 1
00086 2
00087 0
00088 2
00089 1
00090 1
00091 2
00092 1
00093 2
00094 1
00095 2
00096 2
00097 1
00098 2
00099 1
00100 3
00101 0
00102 1
00103 1
00104 2
00105 2
00106 2
00107 2
00108 1
00109 2
00110 2
00111 2
00112 1
00113 1
00114 2
00115 0
00116 1
00117 1
00118 2
00119 2
00120 2
00121 1
00122 2
00123 2
00124 1
00125 2
00126 2
00127 2
00128 2
00129 1
00130 0
00131 2
00132 2
00133 2
00134 2
00135 1
00136 0
00137 2
00138 2
00139 1
00140 0
00141 1
00142 1
00143 0
00144 1
00145 2
00146 2
00147 1
00148 1
00149 2
00150 1
00151 1
00152 1
00153 2
00154 2
00155 2
00156 0
00157 1
00158 1
00159 2
00160 2
00161 1
00162 0
00163 1
00164 2
00165 2
00166 2
00167 1
00168 1
00169 0
00170 1
00171 0
00172 2
00173 1
00174 1
00175 1
00176 2
00177 1
00178 2
00179 1
00180 2
00181 1
00182 2
00183 0
00184 2
00185 0
00186 2
00187 1
00188 2
00189 1
00190 2
00191 2
00192 1
00193 2
00194 2
00195 1
00196 1
00197 1
00198 2
00199 2
00200 3
00201 1
00202 2
00203 1
00204 0
00205 1
00206 1
00207 1
00208 0
00209 0
00210 2
00211 1
00212 2
00213 2
00214 1
00215 2
00216 1
00217 1
00218 0
00219 1
00220 1
00221 1
00222 3
00223 1
00224 2
00225 0
00226 0
00227 2
00228 1
00229 0
00230 0
00231 2
00232 2
00233 2
00234 1
00235 1
00236 2
00237 1
00238 0
00239 2
00240 1
00241 3
00242 1
00243 1
